emperors <-
structure(list(pr = c(0.0009765625, 0.00048828125, 0.00048828125, 
0.0068359375, 0.00341796875, 0.00341796875, 0.0009765625, 0.00048828125, 
0.00048828125, 0.0068359375, 0.00341796875, 0.00341796875, 0.0009765625, 
0.00048828125, 0.00048828125, 0.0068359375, 0.00341796875, 0.00341796875, 
0.0009765625, 0.00048828125, 0.00048828125, 0.0068359375, 0.00341796875, 
0.00341796875, 0.0146484375, 0.029296875, 0.017578125, 0.017578125, 
0.19921875, 0.0146484375, 0.017578125, 0.017578125, 0.19921875, 
0.0029296875, 0.005859375, 0.19921875, 0.0029296875, 0.19921875
), patt = structure(c(1, 1, 1, 1, 1, 1, 1, 1, 1, 1, 1, 1, 1, 
1, 1, 1, 1, 1, 1, 1, 1, 1, 1, 1, 1, 1, 1, 1, 1, 1, 1, 1, 1, 1, 
1, 1, 1, 1, 2, 2, 2, 2, 2, 2, 2, 2, 2, 2, 2, 2, 2, 2, 2, 2, 2, 
2, 2, 2, 2, 2, 2, 2, 2, 2, 2, 2, 2, 2, 2, 2, 2, 2, 2, 2, 2, 2, 
1, 1, 1, 1, 1, 1, 1, 1, 1, 1, 1, 1, 1, 1, 1, 1, 1, 1, 1, 1, 1, 
1, 1, 1, 3, 3, 3, 3, 3, 3, 3, 3, 3, 3, 3, 3, 3, 3, 3, 3, 3, 3, 
3, 3, 3, 3, 3, 3, 3, 3, 3, 3, 3, 3, 3, 3, 3, 3, 3, 3, 3, 3, 4, 
4, 4, 4, 4, 4, 4, 4, 4, 4, 4, 4, 4, 4, 1, 1, 1, 1, 1, 1, 1, 1, 
1, 1, 1, 1, 1, 1, 1, 1, 1, 1, 2, 2, 2, 2, 2, 2, 1, 1, 1, 1, 1, 
1, 1, 1, 1, 1, 1, 1, 1, 1, 1, 1, 1, 1, 1, 1, 2, 2, 2, 2, 2, 2, 
3, 3, 3, 3, 3, 3, 3, 3, 3, 3, 3, 3, 3, 3, 3, 3, 3, 3, 3, 3, 3, 
3, 3, 3, 3, 3, 1, 1, 1, 1, 2, 3, 1, 1, 1, 1, 2, 3, 1, 1, 1, 1, 
2, 3, 1, 1, 1, 1, 2, 3, 1, 1, 1, 1, 1, 2, 2, 2, 2, 3, 3, 3, 4, 
4, 1, 2, 3, 4, 4, 4, 1, 2, 3, 4, 4, 4, 1, 2, 3, 4, 4, 4, 1, 2, 
3, 4, 4, 4, 1, 2, 3, 4, 5, 2, 3, 4, 5, 3, 4, 5, 4, 5), .Dim = c(38L, 
8L), .Dimnames = list(c(" ", " ", " ", " ", " ", " ", " ", " ", 
" ", " ", " ", " ", " ", " ", " ", " ", " ", " ", " ", " ", " ", 
" ", " ", " ", " ", " ", " ", " ", " ", " ", " ", " ", " ", " ", 
" ", " ", " ", " "), c("Germanicus", " ", "AgrippinaMaior", " ", 
"Caligula", " ", "Nero", " ")))), ped = structure(list(ID = c("GaioCaesar", 
"Aurelia", "Iulia", "MarcusBalbo", "Atia", "C.Octavius", "Augustus", 
"OctaviaMinor", "C.Scribonia", "Livia", "T.ClaudiusNero", "MarcusAntonius", 
"Iulia.II", "AntoniaMaior", "AntoniaMinor", "DrususMaior", "Agrippa", 
"Germanicus", "AgrippinaMaior", "Caligula", "AgrippinaMinor", 
"Lucius", "Domitius", "Nero"), FIDX = c(0L, 0L, 1L, 0L, 4L, 0L, 
6L, 6L, 0L, 0L, 0L, 0L, 7L, 12L, 12L, 11L, 0L, 16L, 17L, 18L, 
18L, 0L, 22L, 23L), MIDX = c(0L, 0L, 2L, 0L, 3L, 0L, 5L, 5L, 
0L, 0L, 0L, 0L, 9L, 8L, 8L, 10L, 0L, 15L, 13L, 19L, 19L, 0L, 
14L, 21L), SEX = c(1L, 2L, 2L, 1L, 2L, 1L, 1L, 2L, 2L, 2L, 1L, 
1L, 2L, 2L, 2L, 1L, 1L, 1L, 2L, 1L, 2L, 1L, 1L, 1L), FAMID = "", 
    UNBROKEN_LOOPS = TRUE, LOOP_BREAKERS = NULL, FOUNDER_INBREEDING = NULL, 
    MARKERS = NULL), class = "ped"), mlp = 816)
